#/usr/bin/python

grid = [
        [12625, 12626, 12627, 12628, 12629, 12630, 12631, 12632, 12633, 12634, 12635, 12636, 12637, 12638, 12639, 12640, 12641, 12642, 12643, 12644, 12645, 12646, 12647, 12648, 12649, 12650, 12651, 12652, 12653, 12654, 12655, 12656, 12657, 12658, 12659, 12660, 12661, 12662, 12663, 00000],
        [00000, 00000, 12447, 12448, 12449, 12450, 12451, 12452, 12453, 12454, 12455, 12456, 12457, 12458, 12459, 12460, 12461, 12462, 12463, 12464, 12465, 12466, 12467, 12468, 12469, 12470, 12471, 12472, 12473, 12474, 12475, 12476, 12477, 12478, 12479, 12480, 12481, 12482, 12483, 12484],
        [00000, 00000, 00000, 12268, 12269, 12270, 12271, 12272, 12273, 12274, 12275, 12276, 12277, 12278, 12279, 12280, 12281, 12282, 12283, 12284, 12285, 12286, 12287, 12288, 12289, 12290, 12291, 12292, 12293, 12294, 12295, 12296, 12297, 12298, 12299, 12300, 12301, 12302, 12303, 12304],
        [00000, 00000, 00000, 12088, 12089, 12090, 12091, 12092, 12093, 12094, 12095, 12096, 12097, 12098, 12099, 12100, 12101, 12102, 12103, 12104, 12105, 12106, 12107, 12108, 12109, 12110, 12111, 12112, 12113, 12114, 12115, 12116, 12117, 12118, 12119, 12120, 12121, 00000, 00000, 00000],
        [00000, 00000, 00000, 11908, 11909, 11910, 11911, 11912, 11913, 11914, 11915, 11916, 11917, 11918, 11919, 11920, 11921, 11922, 11923, 11924, 11925, 11926, 11927, 11928, 11929, 11930, 11931, 11932, 11933, 11934, 11935, 11936, 11937, 11938, 00000, 00000, 00000, 00000, 00000, 00000],
        [00000, 00000, 00000, 11728, 11729, 11730, 11731, 11732, 11733, 11734, 11735, 11736, 11737, 11738, 11739, 11740, 11741, 11742, 11743, 11744, 11745, 11746, 11747, 11748, 11749, 11750, 11751, 11752, 11753, 11754, 11755, 11756, 00000, 00000, 00000, 00000, 00000, 00000, 00000, 00000],
        [00000, 00000, 00000, 11548, 11549, 11550, 11551, 11552, 11553, 11554, 11555, 11556, 11557, 11558, 11559, 11560, 11561, 11562, 11563, 11564, 11565, 11566, 11567, 11568, 11569, 11570, 11571, 11572, 11573, 00000, 00000, 00000, 00000, 00000, 00000, 00000, 00000, 00000, 00000, 00000],
        [00000, 00000, 00000, 00000, 11369, 11370, 11371, 11372, 11373, 11374, 11375, 11376, 11377, 11378, 11379, 11380, 11381, 11382, 11383, 11384, 11385, 11386, 11387, 11388, 11389, 11390, 11391, 11392, 00000, 00000, 00000, 00000, 00000, 00000, 00000, 00000, 00000, 00000, 00000, 00000],
        [00000, 00000, 00000, 00000, 00000, 11190, 11191, 11192, 11193, 11194, 11195, 11196, 11197, 11198, 11199, 11200, 11201, 11202, 11203, 11204, 11205, 11206, 11207, 11208, 11209, 11210, 11211, 11212, 11213, 00000, 00000, 00000, 00000, 00000, 00000, 00000, 00000, 00000, 00000, 00000],
        [00000, 00000, 00000, 00000, 00000, 11010, 11011, 11012, 11013, 11014, 11015, 11016, 11017, 11018, 11019, 11020, 11021, 11022, 11023, 11024, 11025, 11026, 11027, 11028, 11029, 11030, 11031, 11032, 00000, 00000, 00000, 00000, 00000, 00000, 00000, 00000, 00000, 00000, 00000, 00000],
        [00000, 00000, 00000, 00000, 00000, 00000, 00000, 10832, 10833, 10834, 10835, 10836, 10837, 10838, 10839, 10840, 10841, 10842, 10843, 10844, 10845, 10846, 10847, 10848, 10849, 10850, 00000, 00000, 00000, 00000, 00000, 00000, 00000, 00000, 00000, 00000, 00000, 00000, 00000, 00000],
        [00000, 00000, 00000, 00000, 00000, 00000, 00000, 00000, 10653, 10654, 10655, 10656, 10657, 10658, 10659, 10660, 10661, 10662, 10663, 10664, 10665, 10666, 00000, 10668, 10669, 10670, 00000, 00000, 00000, 00000, 00000, 00000, 00000, 00000, 00000, 00000, 00000, 00000, 00000, 00000],
        [00000, 00000, 00000, 00000, 00000, 00000, 00000, 00000, 10473, 10474, 10475, 10476, 10477, 10478, 10479, 10480, 10481, 10482, 00000, 00000, 00000, 00000, 00000, 00000, 10489, 10490, 00000, 00000, 00000, 00000, 00000, 00000, 00000, 00000, 00000, 00000, 00000, 00000, 00000, 00000],
        [00000, 00000, 00000, 00000, 00000, 00000, 00000, 00000, 00000, 10294, 10295, 10296, 10297, 10298, 10299, 10300, 10301, 10302, 00000, 00000, 00000, 00000, 00000, 00000, 10309, 10310, 00000, 00000, 00000, 00000, 00000, 00000, 00000, 00000, 00000, 00000, 00000, 00000, 00000, 00000],
        [00000, 00000, 00000, 00000, 00000, 00000, 00000, 00000, 00000, 00000, 10115, 10116, 10117, 10118, 10119, 10120, 10121, 10122, 00000, 00000, 00000, 00000, 00000, 00000, 00000, 00000, 00000, 00000, 00000, 00000, 00000, 00000, 00000, 00000, 00000, 00000, 00000, 00000, 00000, 00000],
        [00000, 00000, 00000, 00000, 00000, 00000, 00000, 00000, 00000, 00000, 00000, 00000, 00000,  9938,  9939,  9940,  9941,  9942, 00000, 00000,  9945,  9946,  9947, 00000, 00000, 00000, 00000, 00000, 00000, 00000, 00000, 00000, 00000, 00000, 00000, 00000, 00000, 00000, 00000, 00000],
        [00000, 00000, 00000, 00000, 00000, 00000, 00000, 00000, 00000, 00000, 00000, 00000, 00000,  9758,  9759,  9760,  9761,  9762,  9763,  9764,  9765,  9766,  9767, 00000, 00000, 00000, 00000, 00000, 00000, 00000, 00000, 00000, 00000, 00000, 00000, 00000, 00000, 00000, 00000, 00000],
        [00000, 00000, 00000, 00000, 00000, 00000, 00000, 00000, 00000, 00000, 00000, 00000, 00000, 00000,  9579,  9580,  9581,  9582,  9583,  9584,  9585,  9586,  9587, 00000, 00000, 00000, 00000, 00000, 00000, 00000, 00000, 00000, 00000, 00000, 00000, 00000, 00000, 00000, 00000, 00000],
        [00000, 00000, 00000, 00000, 00000, 00000, 00000, 00000, 00000, 00000, 00000, 00000, 00000, 00000, 00000, 00000, 00000,  9402,  9403,  9404,  9405, 00000, 00000, 00000, 00000, 00000, 00000, 00000, 00000, 00000, 00000, 00000, 00000, 00000, 00000, 00000, 00000, 00000, 00000, 00000],
        ]
        
flipped = [[0, 12663, 12662, 12661, 12660, 12659, 12658, 12657, 12656, 12655, 12654, 12653, 12652, 12651, 12650, 12649, 12648, 12647, 12646, 12645, 12644, 12643, 12642, 12641, 12640, 12639, 12638, 12637, 12636, 12635, 12634, 12633, 12632, 12631, 12630, 12629, 12628, 12627, 12626, 12625], [12484, 12483, 12482, 12481, 12480, 12479, 12478, 12477, 12476, 12475, 12474, 12473, 12472, 12471, 12470, 12469, 12468, 12467, 12466, 12465, 12464, 12463, 12462, 12461, 12460, 12459, 12458, 12457, 12456, 12455, 12454, 12453, 12452, 12451, 12450, 12449, 12448, 12447, 0, 0], [12304, 12303, 12302, 12301, 12300, 12299, 12298, 12297, 12296, 12295, 12294, 12293, 12292, 12291, 12290, 12289, 12288, 12287, 12286, 12285, 12284, 12283, 12282, 12281, 12280, 12279, 12278, 12277, 12276, 12275, 12274, 12273, 12272, 12271, 12270, 12269, 12268, 0, 0, 0], [0, 0, 0, 12121, 12120, 12119, 12118, 12117, 12116, 12115, 12114, 12113, 12112, 12111, 12110, 12109, 12108, 12107, 12106, 12105, 12104, 12103, 12102, 12101, 12100, 12099, 12098, 12097, 12096, 12095, 12094, 12093, 12092, 12091, 12090, 12089, 12088, 0, 0, 0], [0, 0, 0, 0, 0, 0, 11938, 11937, 11936, 11935, 11934, 11933, 11932, 11931, 11930, 11929, 11928, 11927, 11926, 11925, 11924, 11923, 11922, 11921, 11920, 11919, 11918, 11917, 11916, 11915, 11914, 11913, 11912, 11911, 11910, 11909, 11908, 0, 0, 0], [0, 0, 0, 0, 0, 0, 0, 0, 11756, 11755, 11754, 11753, 11752, 11751, 11750, 11749, 11748, 11747, 11746, 11745, 11744, 11743, 11742, 11741, 11740, 11739, 11738, 11737, 11736, 11735, 11734, 11733, 11732, 11731, 11730, 11729, 11728, 0, 0, 0], [0, 0, 0, 0, 0, 0, 0, 0, 0, 0, 0, 11573, 11572, 11571, 11570, 11569, 11568, 11567, 11566, 11565, 11564, 11563, 11562, 11561, 11560, 11559, 11558, 11557, 11556, 11555, 11554, 11553, 11552, 11551, 11550, 11549, 11548, 0, 0, 0], [0, 0, 0, 0, 0, 0, 0, 0, 0, 0, 0, 0, 11392, 11391, 11390, 11389, 11388, 11387, 11386, 11385, 11384, 11383, 11382, 11381, 11380, 11379, 11378, 11377, 11376, 11375, 11374, 11373, 11372, 11371, 11370, 11369, 0, 0, 0, 0], [0, 0, 0, 0, 0, 0, 0, 0, 0, 0, 0, 11213, 11212, 11211, 11210, 11209, 11208, 11207, 11206, 11205, 11204, 11203, 11202, 11201, 11200, 11199, 11198, 11197, 11196, 11195, 11194, 11193, 11192, 11191, 11190, 0, 0, 0, 0, 0], [0, 0, 0, 0, 0, 0, 0, 0, 0, 0, 0, 0, 11032, 11031, 11030, 11029, 11028, 11027, 11026, 11025, 11024, 11023, 11022, 11021, 11020, 11019, 11018, 11017, 11016, 11015, 11014, 11013, 11012, 11011, 11010, 0, 0, 0, 0, 0], [0, 0, 0, 0, 0, 0, 0, 0, 0, 0, 0, 0, 0, 0, 10850, 10849, 10848, 10847, 10846, 10845, 10844, 10843, 10842, 10841, 10840, 10839, 10838, 10837, 10836, 10835, 10834, 10833, 10832, 0, 0, 0, 0, 0, 0, 0], [0, 0, 0, 0, 0, 0, 0, 0, 0, 0, 0, 0, 0, 0, 10670, 10669, 10668, 0, 10666, 10665, 10664, 10663, 10662, 10661, 10660, 10659, 10658, 10657, 10656, 10655, 10654, 10653, 0, 0, 0, 0, 0, 0, 0, 0], [0, 0, 0, 0, 0, 0, 0, 0, 0, 0, 0, 0, 0, 0, 10490, 10489, 0, 0, 0, 0, 0, 0, 10482, 10481, 10480, 10479, 10478, 10477, 10476, 10475, 10474, 10473, 0, 0, 0, 0, 0, 0, 0, 0], [0, 0, 0, 0, 0, 0, 0, 0, 0, 0, 0, 0, 0, 0, 10310, 10309, 0, 0, 0, 0, 0, 0, 10302, 10301, 10300, 10299, 10298, 10297, 10296, 10295, 10294, 0, 0, 0, 0, 0, 0, 0, 0, 0], [0, 0, 0, 0, 0, 0, 0, 0, 0, 0, 0, 0, 0, 0, 0, 0, 0, 0, 0, 0, 0, 0, 10122, 10121, 10120, 10119, 10118, 10117, 10116, 10115, 0, 0, 0, 0, 0, 0, 0, 0, 0, 0], [0, 0, 0, 0, 0, 0, 0, 0, 0, 0, 0, 0, 0, 0, 0, 0, 0, 9947, 9946, 9945, 0, 0, 9942, 9941, 9940, 9939, 9938, 0, 0, 0, 0, 0, 0, 0, 0, 0, 0, 0, 0, 0], [0, 0, 0, 0, 0, 0, 0, 0, 0, 0, 0, 0, 0, 0, 0, 0, 0, 9767, 9766, 9765, 9764, 9763, 9762, 9761, 9760, 9759, 9758, 0, 0, 0, 0, 0, 0, 0, 0, 0, 0, 0, 0, 0], [0, 0, 0, 0, 0, 0, 0, 0, 0, 0, 0, 0, 0, 0, 0, 0, 0, 9587, 9586, 9585, 9584, 9583, 9582, 9581, 9580, 9579, 0, 0, 0, 0, 0, 0, 0, 0, 0, 0, 0, 0, 0, 0], [0, 0, 0, 0, 0, 0, 0, 0, 0, 0, 0, 0, 0, 0, 0, 0, 0, 0, 0, 9405, 9404, 9403, 9402, 0, 0, 0, 0, 0, 0, 0, 0, 0, 0, 0, 0, 0, 0, 0, 0, 0]]


web = "http://thredds.daac.ornl.gov/thredds/fileServer/ornldaac/1219/tiles/" + year + "/" + "_" + year + "/" + param + ".nc"
